6.428424727870199473e-02
5.552132539193537636e-02
9.782980762648045558e-02
4.545765728760183672e-02
9.940439515300883433e-02
4.285616485246799418e-02
5.374135688368590624e-02
5.374135688368590624e-02
3.642089409187376087e-02
5.134524543027315507e-02
4.990757855822550854e-02
5.189292804819607002e-02
3.169713151228863157e-02
4.224002190730472006e-02
1.834736770041760917e-02
2.053809817210926203e-02
2.170192373519545456e-02
2.882179776819333156e-02
1.704662148285068790e-02
1.321284315739029193e-02
2.622030533305949249e-02
2.142808242623399709e-02
2.183884438967618330e-02
1.040596974053535975e-02
2.409803518860820226e-02
